[[Variables]]
     A1:     0.012017 +/- 0.001150 (9.57%) initial =  0.000000
     A2:    -0.000003 +/- 0.001441 (43574.48%) initial =  0.000000
     A3:    -0.005509 +/- 0.001407 (25.53%) initial =  0.000000
     A4:     0.001176 +/- 0.001399 (119.00%) initial =  0.000000
     A5:    -0.004421 +/- 0.001845 (41.72%) initial =  0.000000
     B1:     0.005813 +/- 0.001451 (24.96%) initial =  0.000000
     B2:    -0.003872 +/- 0.001130 (29.17%) initial =  0.000000
     B3:    -0.001205 +/- 0.001237 (102.62%) initial =  0.000000
     B4:    -0.002994 +/- 0.001350 (45.09%) initial =  0.000000
     B5:     0.002032 +/- 0.001432 (70.47%) initial =  0.000000
     P:      0.676656 +/- 0.001875 (0.28%) initial =  0.750000
     y:     -0.000262 +/- 0.000923 (352.63%) initial =  0.000000
model amplitude = 0.041+/-0.005