[[Variables]]
     A1:     0.126881 +/- 0.010337 (8.15%) initial =  0.000000
     A2:     0.181673 +/- 0.032850 (18.08%) initial =  0.000000
     A3:    -0.024010 +/- 0.008979 (37.39%) initial =  0.000000
     A4:     0.020652 +/- 0.011462 (55.50%) initial =  0.000000
     B1:     0.127221 +/- 0.024004 (18.87%) initial =  0.000000
     B2:     0.201555 +/- 0.026301 (13.05%) initial =  0.000000
     B3:    -0.032773 +/- 0.012226 (37.31%) initial =  0.000000
     B4:     0.017125 +/- 0.011545 (67.42%) initial =  0.000000
     P:      0.247815 +/- 0.005073 (2.05%) initial =  0.197917
     y:      0.054254 +/- 0.009551 (17.60%) initial =  0.000000
model amplitude = 0.76+/-0.06