[[Variables]]
     A1:     0.096793 +/- 0.009761 (10.08%) initial =  0.000000
     A2:     0.246219 +/- 0.017362 (7.05%) initial =  0.000000
     A3:    -0.022623 +/- 0.010286 (45.47%) initial =  0.000000
     A4:     0.019956 +/- 0.010338 (51.80%) initial =  0.000000
     A5:     0.023251 +/- 0.010414 (44.79%) initial =  0.000000
     A6:    -0.001789 +/- 0.010731 (599.93%) initial =  0.000000
     B1:     0.075678 +/- 0.015530 (20.52%) initial =  0.000000
     B2:     0.128777 +/- 0.024429 (18.97%) initial =  0.000000
     B3:    -0.026195 +/- 0.011438 (43.66%) initial =  0.000000
     B4:     0.010036 +/- 0.012843 (127.96%) initial =  0.000000
     B5:     0.001258 +/- 0.011581 (920.84%) initial =  0.000000
     B6:    -0.019167 +/- 0.009302 (48.53%) initial =  0.000000
     P:      0.235143 +/- 0.002909 (1.24%) initial =  0.250000