[[Variables]]
     A1:     0.063590 +/- 0.010683 (16.80%) initial =  0.000000
     A2:     0.051481 +/- 0.009704 (18.85%) initial =  0.000000
     A3:    -0.026610 +/- 0.009251 (34.77%) initial =  0.000000
     A4:     0.022838 +/- 0.012345 (54.05%) initial =  0.000000
     B1:     0.072848 +/- 0.013779 (18.91%) initial =  0.000000
     B2:     0.003493 +/- 0.014215 (406.89%) initial =  0.000000
     B3:     0.005005 +/- 0.014203 (283.79%) initial =  0.000000
     B4:    -0.017285 +/- 0.012629 (73.06%) initial =  0.000000
     P:      0.117530 +/- 0.003890 (3.31%) initial =  0.072917
     y:     -0.004771 +/- 0.007500 (157.19%) initial =  0.000000
model amplitude = 0.275183802621