[[Variables]]
     A1:     0.061895 +/- 0.010648 (17.20%) initial =  0.000000
     A2:     0.049776 +/- 0.009871 (19.83%) initial =  0.000000
     A3:    -0.027760 +/- 0.008704 (31.35%) initial =  0.000000
     A4:     0.025068 +/- 0.010898 (43.48%) initial =  0.000000
     B1:     0.074833 +/- 0.013398 (17.90%) initial =  0.000000
     B2:     0.006984 +/- 0.012776 (182.93%) initial =  0.000000
     B3:    -0.000238 +/- 0.012101 (5081.24%) initial =  0.000000
     B4:    -0.013008 +/- 0.011980 (92.10%) initial =  0.000000
     P:      0.118637 +/- 0.003686 (3.11%) initial =  0.125000