[[Variables]]
     A1:    -0.019043 +/- 0.004676 (24.55%) initial =  0.000000
     A2:    -0.281379 +/- 0.005933 (2.11%) initial =  0.000000
     A3:    -0.015345 +/- 0.004323 (28.17%) initial =  0.000000
     A4:     0.043182 +/- 0.004837 (11.20%) initial =  0.000000
     A5:     0.008633 +/- 0.004149 (48.06%) initial =  0.000000
     B1:     0.007180 +/- 0.004449 (61.96%) initial =  0.000000
     B2:    -0.182220 +/- 0.007550 (4.14%) initial =  0.000000
     B3:    -0.001308 +/- 0.004680 (357.84%) initial =  0.000000
     B4:    -0.031781 +/- 0.004460 (14.03%) initial =  0.000000
     B5:    -0.010225 +/- 0.004144 (40.53%) initial =  0.000000
     P:      0.182176 +/- 0.000476 (0.26%) initial =  0.197917
     y:      0.049357 +/- 0.003129 (6.34%) initial =  0.000000
model amplitude = 0.70216009752