[[Variables]]
     A1:     0.011878 +/- 0.009313 (78.41%) initial =  0.000000
     A2:    -0.250897 +/- 0.011771 (4.69%) initial =  0.000000
     A3:    -0.020072 +/- 0.008970 (44.69%) initial =  0.000000
     A4:     0.029019 +/- 0.010120 (34.87%) initial =  0.000000
     A5:     0.001921 +/- 0.009318 (485.03%) initial =  0.000000
     B1:    -0.000168 +/- 0.009401 (5602.14%) initial =  0.000000
     B2:    -0.169439 +/- 0.015223 (8.98%) initial =  0.000000
     B3:     0.020809 +/- 0.009831 (47.24%) initial =  0.000000
     B4:    -0.024717 +/- 0.009127 (36.92%) initial =  0.000000
     B5:    -0.018318 +/- 0.008852 (48.32%) initial =  0.000000
     P:      0.182027 +/- 0.001056 (0.58%) initial =  0.135417