[[Variables]]
     A1:     0.035221 +/- 0.001374 (3.90%) initial =  0.000000
     A2:    -0.023382 +/- 0.002641 (11.30%) initial =  0.000000
     A3:    -0.029691 +/- 0.001916 (6.45%) initial =  0.000000
     A4:    -0.005713 +/- 0.001525 (26.69%) initial =  0.000000
     A5:    -0.004279 +/- 0.001513 (35.36%) initial =  0.000000
     A6:    -0.006758 +/- 0.001141 (16.88%) initial =  0.000000
     B1:     0.031801 +/- 0.001228 (3.86%) initial =  0.000000
     B2:    -0.118486 +/- 0.001619 (1.37%) initial =  0.000000
     B3:     0.012371 +/- 0.001707 (13.80%) initial =  0.000000
     B4:    -0.004017 +/- 0.001631 (40.60%) initial =  0.000000
     B5:    -0.001766 +/- 0.001446 (81.86%) initial =  0.000000
     B6:    -0.002063 +/- 0.001320 (63.99%) initial =  0.000000
     P:      0.687256 +/- 0.000033 (0.00%) initial =  0.687500