[[Variables]]
     A1:     0.050795 +/- 0.000874 (1.72%) initial =  0.000000
     A2:    -0.014639 +/- 0.001504 (10.28%) initial =  0.000000
     A3:    -0.025492 +/- 0.001105 (4.33%) initial =  0.000000
     A4:    -0.000645 +/- 0.000867 (134.59%) initial =  0.000000
     A5:     0.003106 +/- 0.000888 (28.60%) initial =  0.000000
     A6:    -0.003521 +/- 0.000667 (18.95%) initial =  0.000000
     B1:     0.009177 +/- 0.001004 (10.94%) initial =  0.000000
     B2:    -0.123423 +/- 0.000915 (0.74%) initial =  0.000000
     B3:     0.012126 +/- 0.000973 (8.02%) initial =  0.000000
     B4:    -0.006870 +/- 0.000926 (13.48%) initial =  0.000000
     B5:    -0.000349 +/- 0.000835 (238.92%) initial =  0.000000
     B6:     0.001672 +/- 0.000750 (44.87%) initial =  0.000000
     P:      0.687221 +/- 0.000018 (0.00%) initial =  0.687500
     y:     -0.020382 +/- 0.000631 (3.09%) initial =  0.000000
model amplitude = 0.348731845558