[[Variables]]
     A1:     0.002355 +/- 0.010809 (459.04%) initial =  0.000000
     A2:    -0.002135 +/- 0.011035 (516.85%) initial =  0.000000
     A3:    -0.025911 +/- 0.010749 (41.48%) initial =  0.000000
     A4:    -0.024604 +/- 0.013141 (53.41%) initial =  0.000000
     A5:     0.021212 +/- 0.010819 (51.00%) initial =  0.000000
     B1:     0.011059 +/- 0.010529 (95.21%) initial =  0.000000
     B2:    -0.007992 +/- 0.010324 (129.19%) initial =  0.000000
     B3:     0.003000 +/- 0.012973 (432.46%) initial =  0.000000
     B4:     0.022056 +/- 0.013642 (61.85%) initial =  0.000000
     B5:    -0.001798 +/- 0.014045 (781.15%) initial =  0.000000
     P:      0.012769 +/- 0.000076 (0.60%) initial =  0.012917
     y:      0.000814 +/- 0.007477 (919.04%) initial =  0.000000
model amplitude = 0.14+/-0.04