[[Variables]]
     A1:     0.002358 +/- 0.010809 (458.33%) initial =  0.000000
     A2:    -0.002138 +/- 0.011034 (516.02%) initial =  0.000000
     A3:    -0.025907 +/- 0.010749 (41.49%) initial =  0.000000
     A4:    -0.024590 +/- 0.013141 (53.44%) initial =  0.000000
     A5:     0.021210 +/- 0.010818 (51.00%) initial =  0.000000
     B1:     0.011059 +/- 0.010529 (95.21%) initial =  0.000000
     B2:    -0.007990 +/- 0.010324 (129.21%) initial =  0.000000
     B3:     0.003014 +/- 0.012975 (430.52%) initial =  0.000000
     B4:     0.022073 +/- 0.013644 (61.81%) initial =  0.000000
     B5:    -0.001816 +/- 0.014042 (773.25%) initial =  0.000000
     P:      0.012769 +/- 0.000076 (0.60%) initial =  0.012917
     y:      0.000814 +/- 0.007477 (918.79%) initial =  0.000000
model amplitude = 0.14+/-0.04