[[Variables]]
     A1:    -0.003707 +/- 0.018291 (493.47%) initial =  0.000000
     A2:     0.014277 +/- 0.010151 (71.10%) initial =  0.000000
     B1:    -0.016362 +/- 0.010711 (65.46%) initial =  0.000000
     B2:    -0.002302 +/- 0.025328 (1100.22%) initial =  0.000000
     P:      0.036059 +/- 0.003667 (10.17%) initial =  0.031250
     y:     -0.005165 +/- 0.007053 (136.54%) initial =  0.000000
model amplitude = 0.054+/-0.028