[[Variables]]
     A1:     0.034882 +/- 0.004519 (12.96%) initial =  0.000000
     A2:     0.095735 +/- 0.006754 (7.05%) initial =  0.000000
     A3:     0.011814 +/- 0.004503 (38.12%) initial =  0.000000
     A4:    -0.023069 +/- 0.004531 (19.64%) initial =  0.000000
     B1:     0.008805 +/- 0.004472 (50.79%) initial =  0.000000
     B2:    -0.155421 +/- 0.005477 (3.52%) initial =  0.000000
     B3:    -0.002041 +/- 0.004658 (228.25%) initial =  0.000000
     B4:    -0.002719 +/- 0.004504 (165.64%) initial =  0.000000
     P:      0.158844 +/- 0.000771 (0.49%) initial =  0.145833
     y:     -0.003972 +/- 0.003159 (79.52%) initial =  0.000000
model amplitude = 0.408+/-0.015