[[Variables]]
     A1:     0.034430 +/- 0.004515 (13.11%) initial =  0.000000
     A2:     0.095638 +/- 0.006789 (7.10%) initial =  0.000000
     A3:     0.010320 +/- 0.004363 (42.28%) initial =  0.000000
     A4:    -0.024367 +/- 0.004422 (18.15%) initial =  0.000000
     B1:     0.009183 +/- 0.004473 (48.71%) initial =  0.000000
     B2:    -0.155590 +/- 0.005511 (3.54%) initial =  0.000000
     B3:    -0.001781 +/- 0.004655 (261.38%) initial =  0.000000
     B4:    -0.001878 +/- 0.004493 (239.27%) initial =  0.000000
     P:      0.158825 +/- 0.000779 (0.49%) initial =  0.141667